97
111
119
99
114
116
97
118
121
100
109
101
121
103
115
110
98
116
110
111
107
118
100
114
104
119
115
101
116
108
114
108
109
120
114
107
118
97
108
109
106
115
112
122
116
120
117
112
98
106
101
108
99
116
108
105
108
116
119
102
115
113
105
122
116
98
112
99
97
111
120
120
120
112
99
118
117
110
102
103
111
116
117
101
101
111
100
113
113
114
104
104
103
108
112
112
104
111
98
97
99
118
108
111
102
115
103
109
119
111
117
122
116
104
107
122
105
105
101
113
111
115
98
102
101
110
119
106
101
106
119
109
112
121
111
114
105
106
103
115
106
118
117
120
113
111
99
108
122
115
106
100
116
113
98
108
97
97
122
117
113
121
99
109
118
113
112
119
103
98
112
98
107
97
111
120
110
103
101
118
122
105
111
102
113
100
122
112
113
108
98
109
118
120
97
114
120
106
97
122
115
103
98
118
113
122
119
108
106
110
119
100
111
111
100
111
120
99
117
98
114
116
122
118
104
113
102
103
112
116
100
103
122
104
111
111
118
113
104
109
115
102
100
122
107
115
117
106
122
109
108
121
121
116
117
105
120
112
103
100
122
106
117
117
101
122
111
103
109
119
121
117
109
110
115
104
101
104
113
103
122
106
117
106
103
115
116
113
97
104
103
110
110
110
118
98
112
98
109
110
110
115
105
99
107
122
111
108
103
110
104
111
117
119
114
110
102
102
100
105
97
97
118
113
106
110
97
121
115
98
113
107
111
98
115
104
111
112
107
114
108
100
106
120
103
119
104
118
118
103
118
114
109
110
111
111
118
100
101
113
118
106
103
113
104
103
106
114
98
100
113
112
106
113
110
117
120
114
100
108
109
116
113
112
116
100
101
115
108
104
112
105
105
114
112
108
119
99
108
97
99
121
105
101
117
103
98
119
116
121
109
114
104
97
104
102
109
120
107
98
112
118
110
113
105
106
114
98
100
100
112
100
101
117
112
115
104
119
109
121
106
118
121
103
107
114
105
104
110
104
122
99
105
121
105
109
102
111
121
121
106
99
117
107
116
121
106
103
102
110
120
114
102
113
114
99
121
116
113
97
98
117
118
112
107
109
103
106
113
100
106
120
119
115
121
119
121
113
121
103
121
115
115
103
101
107
122
102
117
103
120
101
98
99
110
98
109
111
100
115
117
98
115
120
112
115
104
106
107
118
104
103
98
111
115
108
109
120
108
118
98
106
105
107
118
103
122
98
121
113
118
108
114
119
98
112
118
97
122
98
119
119
106
103
105
107
106
117
118
116
120
118
106
118
121
118
98
104
112
121
104
114
102
119
99
116
113
109
109
103
106
121
109
119
115
117
107
112
102
102
109
100
120
108
115
113
114
119
118
121
104
121
114
109
101
120
106
109
117
103
106
108
106
100
112
121
102
118
100
112
112
114
99
102
107
101
107
115
99
104
97
115
121
105
115
110
100
107
114
115
104
103
119
102
106
111
118
122
106
106
120
105
119
106
109
106
114
119
104
104
98
110
97
99
107
119
111
114
111
118
107
115
120
103
115
117
119
99
105
111
109
113
108
111
108
114
112
102
107
104
105
121
97
103
112
101
101
115
100
114
122
98
122
98
100
112
101
111
122
110
103
121
103
109
110
120
106
97
98
99
102
114
103
116
100
104
99
105
115
98
114
104
122
112
117
121
105
107
109
97
111
100
112
113
119
122
106
117
101
108
110
121
102
114
111
107
119
112
113
106
122
115
115
100
113
97
103
101
118
101
102
108
102
106
102
122
116
104
120
118
115
112
114
98
120
111
115
101
120
111
97
114
100
109
119
112
101
108
111
101
115
111
108
106
119
116
122
99
101
113
113
102
108
99
102
110
109
112
118
110
101
115
108
117
107
114
104
98
117
112
98
107
104
105
112
97
109
101
109
122
116
118
105
116
100
121
103
106
100
115
100
105
97
107
116
103
108
109
104
102
119
116
108
118
110
119
98
99
120
105
113
120
105
118
106
117
105
108
118
115
114
110
100
104
99
122
116
112
118
119
122
119
102
105
121
122
120
108
111
113
97
104
117
100
122
112
100
110
111
122
119
103
111
103
120
109
117
99
120
110
111
101
105
117
118
107
111
116
105
103
102
107
108
112
97
118
109
98
114
113
110
111
99
120
122
110
107
102
112
101
102
111
104
121
114
121
117
113
100
99
113
105
111
107
119
106
111
98
119
116
112
97
113
97
110
122
104
114
102
103
105
107
105
119
107
115
97
122
102
107
