116
68
112
121
80
84
101
71
103
114
87
87
77
87
67
67
73
65
105
118
122
122
112
68
109
90
112
101
117
108
80
87
109
111
115
89
71
70
74
110
66
89
67
68
122
82
77
100
69
87
118
116
81
107
118
104
75
81
90
110
90
119
73
116
108
118
85
100
77
79
111
78
71
107
118
65
69
80
79
69
86
110
117
68
121
65
86
65
103
82
68
76
79
120
113
82
107
85
66
113
83
65
83
117
116
81
66
111
116
112
105
90
78
107
103
73
121
87
90
69
120
98
80
84
82
104
99
81
87
101
122
76
84
102
118
82
71
88
80
101
65
113
71
99
86
78
113
83
79
67
121
78
73
90
98
73
88
111
115
112
114
100
68
97
102
103
68
82
70
114
102
115
113
72
66
71
70
82
121
100
78
105
101
78
74
84
78
98
111
89
83
116
69
70
72
80
103
120
81
85
104
75
74
117
72
113
88
82
111
79
110
68
98
115
72
68
85
72
77
100
104
100
83
110
90
73
103
71
89
87
74
97
102
82
114
84
79
77
86
102
108
99
105
118
105
116
118
84
88
121
76
116
71
105
104
67
67
100
78
98
111
79
73
98
109
109
68
70
70
117
66
121
107
118
106
106
76
110
88
84
114
122
111
74
77
69
79
67
81
119
66
90
90
101
119
104
113
117
115
77
71
82
89
74
84
76
120
113
109
74
73
80
112
111
83
115
73
107
78
120
109
69
110
100
67
68
89
120
72
71
101
79
80
83
82
74
116
77
110
74
86
89
81
107
67
103
105
116
117
90
112
74
100
118
89
102
70
65
80
111
76
74
68
110
87
71
113
75
67
105
72
117
82
77
122
105
118
74
66
77
74
74
85
87
85
122
79
83
86
119
71
88
82
90
70
88
71
76
118
100
66
87
113
78
99
72
67
90
70
87
86
80
68
90
78
89
65
117
65
88
72
82
114
87
74
66
88
120
83
88
89
70
119
101
71
113
106
119
72
89
121
82
77
79
87
75
88
114
65
76
117
103
86
73
122
104
79
74
89
87
66
88
117
98
111
98
71
108
75
117
70
104
101
111
73
98
74
66
100
122
88
88
117
109
67
99
73
81
71
103
111
77
88
87
75
108
114
79
104
68
72
75
65
105
89
105
81
90
119
101
83
74
67
104
73
104
110
73
102
111
99
84
90
72
105
90
111
121
118
107
99
87
83
108
97
103
71
65
69
86
76
73
86
101
110
85
68
88
66
110
118
84
116
111
79
67
101
105
104
100
119
98
89
114
103
115
84
71
121
81
114
115
77
80
70
89
89
78
100
98
76
119
84
83
66
90
88
84
106
76
117
109
81
68
90
115
84
66
87
104
122
68
100
106
115
66
81
121
88
85
86
114
79
120
66
66
107
83
87
68
121
98
101
76
97
74
115
98
71
112
75
101
122
81
89
105
69
121
77
111
101
70
122
76
68
103
65
120
99
71
111
70
85
119
80
109
106
107
82
90
85
82
77
87
70
74
104
120
88
75
79
70
103
83
120
99
86
89
120
108
86
106
81
115
105
73
107
100
90
81
76
116
120
118
79
70
71
70
68
109
112
118
117
78
109
73
84
110
83
70
83
80
78
88
118
67
119
106
82
85
75
76
65
115
116
114
71
106
85
84
74
82
89
87
82
97
78
72
89
67
99
114
88
116
119
79
71
77
88
110
111
82
120
66
89
77
86
86
90
115
66
69
101
113
97
108
102
78
74
70
112
68
79
103
119
89
84
119
100
73
71
80
107
73
111
101
87
68
65
99
80
76
98
88
102
116
107
119
84
110
68
119
115
120
77
74
85
99
65
121
86
89
65
69
83
83
86
75
109
70
72
68
98
78
90
69
108
97
111
69
99
84
78
80
111
115
89
73
72
85
79
72
73
75
76
86
104
71
80
65
121
118
74
106
75
105
70
74
77
109
82
70
74
83
87
67
103
66
84
98
102
111
104
72
82
81
87
77
89
117
100
75
85
99
88
103
89
65
65
67
108
99
77
89
88
97
75
71
76
73
100
76
67
71
86
81
104
115
79
86
88
104
79
80
75
78
105
67
70
75
70
72
72
78
82
66
71
82
113
72
90
82
109
117
87
112
74
71
121
66
107
69
90
82
70
113
80
86
111
118
77
110
107
65
73
119
116
106
116
69
99
72
101
118
73
73
83
72
114
122
113
71
79
68
67
119
69
80
77
120
113
83
122
76
73
107
103
72
112
111
78
120
78
110
120
69
86
100
116
104
