102
70
110
81
97
103
70
73
113
72
72
99
99
49
79
72
122
85
82
110
80
51
79
84
51
106
84
109
65
117
120
118
97
86
106
114
48
51
73
108
80
75
112
50
112
48
97
89
65
81
53
116
55
118
114
105
86
112
98
54
56
51
57
111
80
71
78
82
85
54
104
113
75
50
67
68
82
103
84
102
88
83
52
78
101
77
49
121
84
69
100
116
70
113
55
98
105
100
50
78
73
84
85
102
75
89
122
113
75
66
101
97
65
56
75
54
102
56
70
106
108
107
87
83
82
108
111
71
67
102
98
100
113
77
72
53
70
82
69
76
83
68
76
113
78
56
50
72
105
87
122
97
111
75
49
122
53
112
67
55
99
113
67
49
104
100
87
119
73
76
65
87
71
56
56
101
103
106
107
102
78
99
98
107
49
117
76
120
52
118
66
68
110
71
56
102
70
55
70
56
66
81
75
113
85
120
74
82
83
66
83
118
97
56
89
119
51
106
76
74
116
119
98
84
71
56
49
107
113
89
103
88
76
83
89
98
53
83
68
76
110
97
75
87
81
55
80
121
79
97
77
81
85
65
73
69
119
115
108
112
72
102
81
52
78
77
115
103
55
55
50
71
79
70
67
78
81
54
108
84
86
81
78
111
89
103
100
68
48
82
55
87
55
88
109
112
69
111
65
82
54
88
84
86
97
57
111
109
110
49
68
89
106
84
78
52
69
66
48
51
67
111
85
106
77
86
104
102
51
54
103
69
56
51
90
65
116
112
52
115
57
113
54
78
108
100
104
77
109
110
80
109
105
68
82
53
112
70
115
54
98
53
117
84
83
115
122
73
76
84
104
102
88
49
100
67
72
73
115
113
86
65
120
90
71
54
72
103
71
66
57
57
121
90
101
76
85
105
117
74
97
51
70
100
104
56
111
86
114
119
73
101
52
71
75
57
74
57
66
82
81
118
72
84
117
113
80
87
71
88
49
84
49
69
68
76
56
73
67
102
110
74
104
84
116
87
116
54
56
80
105
81
121
97
118
68
86
54
78
84
54
86
50
116
113
68
48
73
68
78
51
56
88
111
120
81
65
69
101
56
80
122
55
108
102
76
74
105
49
110
79
111
101
89
55
87
117
57
119
74
86
86
110
66
53
122
80
71
73
105
78
82
106
74
74
56
103
112
49
103
51
97
116
115
75
87
77
49
72
83
84
105
73
88
69
98
48
121
77
105
88
81
82
120
79
101
110
103
50
113
117
122
56
87
53
65
75
86
90
50
65
103
87
90
119
102
110
69
115
107
69
80
111
82
99
51
112
108
67
51
71
105
90
105
51
86
100
119
84
57
114
98
75
87
50
73
56
84
77
77
68
109
69
104
57
115
76
85
112
107
120
57
52
88
105
120
83
90
83
118
103
97
85
53
78
118
71
77
103
50
71
74
76
71
111
65
53
65
80
68
85
55
90
98
114
73
101
106
105
118
120
111
73
106
117
68
103
119
98
80
97
120
117
72
78
118
108
115
73
121
55
50
101
120
84
121
86
50
70
50
56
72
106
56
78
101
88
53
55
72
80
76
67
101
49
110
119
79
87
108
89
67
85
113
86
111
99
104
70
109
53
102
117
67
77
116
119
69
117
57
70
81
68
54
90
90
79
108
115
80
53
108
76
108
53
66
69
105
87
83
83
82
114
99
48
83
55
122
116
114
117
76
80
87
79
112
79
115
90
84
111
50
82
85
67
119
78
49
50
85
80
85
116
75
101
103
56
114
79
74
57
76
108
100
70
49
75
49
50
104
67
118
67
122
74
110
70
110
50
57
115
112
74
107
68
113
115
49
75
72
69
73
51
117
54
90
106
120
108
79
88
98
121
110
104
72
66
71
106
90
113
102
113
90
114
77
70
108
108
86
69
75
113
106
121
101
55
114
54
51
73
48
111
85
82
68
84
105
113
99
84
79
68
115
71
121
70
66
106
81
120
103
67
99
115
70
80
103
68
89
75
77
71
99
85
75
70
118
82
116
74
74
73
115
114
73
80
102
50
77
65
77
115
109
103
119
81
106
87
83
104
54
86
115
112
120
75
68
113
119
49
76
102
118
89
118
69
107
73
105
98
79
105
48
50
84
121
106
111
73
79
103
102
112
89
121
74
57
72
55
55
54
67
84
89
97
110
109
88
105
83
72
73
55
101
113
107
55
50
122
50
117
105
76
109
120
122
105
56
109
65
72
70
106
105
57
98
112
77
116
106
77
48
48
109
83
72
99
67
106
