46
93
82
106
113
97
85
56
70
86
109
38
117
55
96
94
97
43
78
60
106
90
43
125
46
107
91
92
60
39
80
77
107
60
65
57
98
112
72
80
110
108
63
115
83
105
65
106
125
89
89
71
38
92
110
113
58
78
123
72
125
33
76
71
112
71
59
89
91
57
108
112
110
94
83
63
105
116
79
47
50
59
84
97
61
60
62
123
46
98
81
43
81
94
115
83
107
95
115
42
55
117
48
102
96
123
58
97
90
66
121
75
89
90
62
117
114
116
52
42
123
71
103
35
91
97
103
112
76
33
48
90
68
105
93
47
95
36
124
99
64
43
73
54
52
109
118
63
112
91
121
123
53
93
110
66
108
114
73
59
77
117
87
98
125
116
39
103
70
56
90
108
50
78
56
60
98
105
43
61
84
42
55
37
76
111
33
48
81
33
123
101
119
120
66
102
52
74
35
62
52
117
94
97
55
106
64
81
106
53
48
50
57
53
119
87
80
54
62
80
101
41
99
81
60
90
116
89
97
59
63
71
120
70
76
49
83
40
73
105
104
50
40
78
45
55
121
119
103
95
84
123
95
100
47
116
90
72
89
59
48
97
92
60
121
83
107
56
80
45
85
51
59
97
120
52
75
48
96
38
106
89
73
62
114
99
36
124
120
45
116
120
61
56
71
40
61
53
96
73
90
106
104
92
72
93
79
82
38
58
73
64
60
64
38
72
72
37
99
109
121
66
68
54
108
47
36
51
61
55
75
61
52
75
40
73
33
40
46
94
39
124
58
93
44
76
86
83
80
33
97
103
123
67
74
102
99
89
56
33
52
77
40
67
99
115
101
64
42
82
121
35
110
123
36
87
96
98
46
97
47
84
83
35
39
48
124
107
122
85
108
103
53
54
99
42
35
51
95
106
115
103
42
88
45
77
90
39
82
111
45
70
58
36
125
93
80
103
66
74
61
97
68
100
101
110
83
60
46
47
52
69
94
96
79
84
94
118
79
43
59
33
84
90
116
37
55
77
74
103
102
100
60
90
100
95
110
84
108
91
37
100
40
90
47
84
95
51
99
97
86
113
94
44
102
120
103
88
85
90
111
47
84
53
98
62
41
77
125
97
51
77
114
109
87
110
41
67
112
37
45
63
44
118
117
99
63
38
33
80
50
123
90
71
51
101
35
117
116
38
45
125
62
35
61
64
45
77
123
90
72
56
85
104
47
112
70
113
68
75
56
39
67
48
44
101
48
71
68
87
89
87
106
50
87
82
50
74
120
88
46
46
80
52
112
33
117
124
78
78
118
65
110
122
103
88
104
95
50
117
84
111
119
110
92
123
57
122
77
41
122
82
41
67
110
79
107
116
93
77
89
106
83
116
63
66
124
106
33
115
105
123
64
118
52
116
55
35
105
107
65
109
51
119
123
102
116
121
41
55
99
89
95
36
69
94
64
71
77
38
73
57
34
45
44
82
41
43
34
75
61
41
86
103
41
121
78
70
65
40
82
50
105
59
95
86
67
57
81
107
92
62
61
48
81
107
100
113
73
50
78
70
86
109
54
116
61
106
110
39
87
100
78
99
72
115
82
37
84
72
108
101
45
49
46
35
97
75
77
99
76
94
103
114
119
72
82
96
93
65
40
64
94
117
86
88
116
57
55
116
115
36
33
37
78
65
95
47
56
53
83
36
51
83
60
120
93
95
34
97
65
57
97
125
69
34
93
69
44
40
52
43
45
102
76
89
123
52
37
105
123
84
81
90
40
56
112
33
81
99
118
103
77
44
64
107
103
44
33
110
39
60
113
53
38
84
53
125
95
96
52
67
98
63
57
36
120
105
103
84
94
71
109
49
100
122
119
64
81
96
110
72
52
35
85
85
115
109
45
67
111
62
91
53
89
38
123
118
42
41
70
116
87
119
84
58
63
121
119
59
44
71
118
57
62
83
92
104
125
73
83
95
82
96
48
52
94
73
80
65
111
110
119
68
79
79
65
49
62
73
120
103
107
71
90
43
84
85
110
78
109
60
117
123
67
120
62
116
72
37
34
91
124
53
61
102
116
88
53
110
124
44
72
38
120
82
37
107
98
110
112
71
43
124
120
48
102
100
87
108
38
75
98
54
116
51
77
98
65
47
87
62
91
87
111
90
102
39
82
101
99
117
59
81
61
100
107
113
40
53
48
37
84
69
122
125
88
118
118
113
90
54
55
60
76
124
116
42
45
89
68
109
80
46
94
86
59
88
92
81
77
84
118
33
55
63
98
91
48
63
