89
68
86
87
88
76
71
86
80
76
71
69
72
88
81
66
87
65
80
86
86
67
80
83
65
66
78
76
90
84
86
69
70
80
70
85
90
74
89
90
74
79
90
84
74
67
86
67
80
86
86
66
76
81
87
69
86
82
71
86
86
76
76
67
73
71
66
75
86
68
67
78
74
65
89
88
71
79
68
80
86
76
85
88
87
66
69
74
86
82
68
69
82
79
65
66
83
90
71
84
84
73
75
65
87
79
67
78
71
74
82
79
82
88
79
85
90
86
84
78
87
70
87
70
69
79
81
81
83
80
78
79
90
65
90
77
81
76
77
74
80
77
80
70
66
85
69
69
85
72
78
74
90
79
86
77
73
75
87
79
86
74
77
90
90
81
82
89
68
68
70
66
88
73
88
71
68
69
80
82
84
67
84
76
65
78
82
85
73
79
78
74
67
79
75
74
77
73
73
77
80
67
86
70
88
69
89
84
86
90
84
73
70
69
74
89
79
88
77
86
67
67
77
72
89
72
86
72
81
73
81
76
81
68
88
83
74
65
81
67
85
71
67
78
67
85
66
67
90
72
86
73
84
70
86
72
66
79
82
84
69
85
65
82
65
83
89
73
67
84
76
73
71
67
68
81
90
65
89
84
87
67
74
68
74
89
69
82
78
83
79
89
71
84
85
80
82
77
75
81
83
70
74
76
80
74
75
76
70
70
77
70
86
86
76
85
66
89
72
75
76
86
72
85
68
77
82
85
90
74
66
66
65
89
65
80
83
70
82
76
79
65
72
71
66
80
69
69
73
86
68
74
79
85
80
68
76
84
74
76
69
82
82
71
90
65
73
77
69
71
70
75
87
77
83
79
88
88
83
79
77
79
86
69
68
71
72
67
77
87
83
83
72
75
84
82
65
87
71
72
86
77
81
79
90
71
70
67
87
84
76
88
81
66
65
83
72
89
76
76
85
75
79
74
68
65
83
77
74
89
82
80
83
66
81
76
67
75
74
71
78
84
66
68
79
71
82
86
76
75
90
77
66
81
79
86
77
72
70
83
85
90
83
80
90
84
72
82
70
73
82
79
71
86
74
66
68
69
85
66
88
81
77
67
71
88
81
73
81
74
81
76
74
88
73
85
74
70
76
71
87
80
68
73
76
87
76
71
86
76
82
88
65
75
68
66
90
78
88
75
69
75
69
78
86
89
88
79
85
84
71
84
66
81
83
88
89
85
71
74
78
90
68
68
70
74
67
77
90
81
65
79
66
90
85
77
65
88
76
70
67
74
71
75
81
67
67
88
81
88
70
78
78
86
71
79
76
86
66
84
71
76
79
68
86
69
76
78
73
81
82
74
69
88
74
76
81
89
86
87
73
73
75
67
88
76
72
81
67
78
88
77
88
87
81
83
68
81
89
89
87
66
78
74
71
75
79
88
68
76
81
88
89
84
79
83
66
67
83
90
84
80
86
85
82
68
90
74
78
88
81
82
78
90
67
90
79
67
68
77
69
79
90
90
88
80
81
75
77
79
81
76
77
71
83
89
75
87
89
77
75
72
78
72
75
79
75
81
68
68
90
80
89
80
85
68
82
71
78
70
87
89
73
88
71
88
76
65
69
71
68
80
75
79
82
88
79
85
87
75
87
87
80
66
77
66
84
66
89
75
65
83
73
68
74
68
84
77
88
66
65
80
90
84
87
70
82
83
88
76
80
84
87
74
77
77
69
84
74
89
74
68
67
73
65
90
77
87
68
67
88
73
82
68
85
87
78
85
82
77
71
88
73
67
65
65
85
73
87
71
81
78
72
85
73
69
88
66
67
72
78
84
76
86
90
87
85
73
81
82
74
75
88
81
72
90
87
83
73
68
66
73
89
76
71
67
80
86
85
80
87
82
67
80
75
66
85
88
83
68
72
86
74
75
74
84
80
73
81
84
81
84
78
66
65
86
88
67
68
90
84
84
82
67
69
67
68
72
65
90
75
65
84
66
84
67
66
83
81
85
80
79
76
69
86
85
72
67
69
77
80
73
76
88
80
86
90
86
80
77
70
68
83
86
75
74
66
87
82
79
87
84
82
74
72
75
75
78
77
89
80
89
86
88
69
75
78
77
84
66
82
68
88
85
88
72
82
81
68
72
79
65
86
67
70
65
76
81
90
80
74
88
65
72
70
80
83
80
77
88
77
67
80
90
82
89
87
90
72
77
84
80
74
69
76
81
67
74
68
81
84
79
87
82
78
65
89
82
87
85
85
85
73
75
86
65
69
82
87
77
